100 0
153234 877254 821680 582049 191351 177893 817194 475265 155553 503922 732017 405591 279580 568743 682241 755852 721915 475295 123020 367809 834681 35097 517014 662984 426222 104679 949339 921384 549547 345988 471725 374981 846980 316874 456099 271890 982970 297800 739189 567278 195990 761314 839442 397656 500900 890163 27467 994628 572588 50509 531327 194068 843043 626759 657613 197852 842158 123326 109928 743125 314066 941068 286081 336314 140263 733085 834620 707999 600238 747215 252724 144475 1618 61007 806238 852626 210578 115604 553209 14253 113773 454512 752220 686147 543443 73886 436720 201941 696219 290353 436689 232429 577868 532578 628681 160192 504135 963042 695761 924802 
500
0 17 33
1 45 996032
0 9 61
0 4 92
1 28 -545396
1 40 -596057
1 59 -96774
0 59 62
1 82 249549
1 56 -249732
0 54 73
1 24 -622119
1 69 169225
0 7 48
1 60 240760
1 79 -701773
1 85 823114
1 72 -913571
1 96 -369975
1 30 -652150
0 84 86
1 15 -346171
0 7 63
1 53 -103488
0 29 46
1 15 -353923
1 31 653370
1 86 450056
0 12 93
0 51 77
1 94 -855464
1 64 -355754
0 22 50
0 54 91
1 11 -14923
0 49 78
1 37 376323
1 60 -209631
0 9 70
1 85 -16998
1 49 -239783
1 54 -285805
1 62 -646839
0 13 73
1 60 -944334
0 5 63
0 83 85
1 71 707937
0 12 70
1 21 -868099
0 33 61
0 36 65
1 79 53071
1 79 801202
0 39 62
0 13 84
0 42 56
0 22 54
0 10 79
0 28 78
1 78 487594
1 35 713309
0 22 85
0 53 97
0 8 51
0 9 25
1 23 -706900
0 7 92
0 5 33
1 39 -134434
1 82 68453
1 68 -204626
0 0 52
1 39 -517807
1 25 368022
1 43 780449
0 59 93
1 57 -715140
0 0 37
0 8 65
1 6 622119
1 68 605395
1 67 -714468
1 72 555467
0 63 85
1 8 103976
1 5 -450056
0 61 97
0 36 91
1 21 -688161
0 51 89
0 43 89
0 17 77
1 76 740775
0 0 45
1 11 -190588
0 3 98
0 18 24
0 61 87
1 19 559312
1 65 818292
0 65 91
0 56 62
0 53 93
1 53 -489425
0 3 34
1 19 -859431
0 7 58
0 15 63
0 59 69
0 39 67
1 58 -600817
1 86 -216589
1 18 791436
1 43 254676
1 4 -428876
0 40 88
1 72 792107
0 39 89
0 38 56
0 72 73
1 73 -721366
0 26 67
1 36 35309
0 20 89
1 64 -122959
1 8 -840876
0 2 35
0 14 69
0 6 66
1 19 388042
1 64 87984
0 4 53
1 45 939939
1 52 359843
1 36 -222754
0 16 80
0 30 77
0 31 47
0 43 50
1 75 -197851
0 83 93
1 98 -893063
1 85 -226477
0 2 28
1 38 -962767
0 45 84
1 39 454573
1 80 750846
1 58 -841975
1 45 181249
1 56 632129
1 34 -979552
0 22 33
1 36 739738
0 62 71
1 18 71138
1 77 930417
0 78 89
1 84 780693
1 18 233863
0 24 72
1 16 427777
0 8 79
1 12 -385052
1 46 524094
0 72 98
0 64 68
0 7 27
1 83 113315
0 23 77
1 22 -590807
1 27 -954222
1 15 -906064
0 34 63
0 41 41
0 53 69
0 65 86
1 56 -892025
0 25 42
1 48 -825128
1 70 556932
1 84 -413983
1 63 493697
1 75 743827
1 90 43916
0 10 35
1 42 -660328
0 65 76
0 8 38
1 79 -691824
0 4 34
0 64 96
0 63 90
0 2 24
0 64 77
0 13 81
1 54 966978
0 21 29
1 33 -38789
1 10 968871
1 14 -87191
1 98 551011
1 61 892208
1 28 134311
0 54 70
0 48 54
1 66 530320
1 44 597521
1 97 -590746
1 90 182592
1 50 -21210
0 88 93
0 20 24
1 93 250160
0 3 63
1 53 -107333
0 12 98
1 4 -654408
1 32 -368083
1 40 -144993
0 16 67
0 50 79
0 0 33
0 12 81
1 88 286660
1 50 467940
1 94 -68330
0 11 89
1 45 -782647
1 75 -921750
0 6 92
0 11 20
1 11 236548
1 68 463118
1 66 -402996
1 37 994994
1 20 -658864
0 17 57
0 18 95
0 11 30
0 4 76
1 87 -996459
0 42 79
0 48 74
0 9 55
1 88 714041
0 48 62
1 74 -488509
1 78 -600756
1 5 44343
1 69 -951902
1 54 828424
1 78 -389141
0 5 47
1 0 537156
1 21 -690481
0 3 66
0 69 79
0 62 97
0 47 86
0 9 14
0 30 90
0 4 80
1 23 795770
0 20 26
0 83 86
1 83 218543
0 17 18
0 18 44
1 61 92684
1 51 461287
1 95 734855
1 14 -251197
0 16 96
1 70 -938230
1 80 471846
1 12 437788
0 64 90
1 3 546983
0 0 22
0 15 90
1 24 508957
1 21 -935789
1 22 113193
1 84 -336771
1 98 738700
1 22 625598
0 3 36
1 39 -760429
0 19 89
1 12 698660
1 44 -555772
1 55 248084
0 1 85
0 26 28
1 55 917661
1 78 -154576
1 73 -728446
1 1 -986022
1 33 804254
0 5 76
1 2 364848
1 49 412762
0 64 81
1 26 688467
0 34 74
0 47 62
0 2 37
0 59 87
0 37 92
1 0 948484
1 43 399273
0 49 59
1 3 -243568
0 85 92
1 60 167943
0 30 40
0 7 86
0 77 92
1 21 -441389
1 86 -499862
0 71 85
0 18 44
1 56 -942442
1 5 238380
0 11 16
0 48 95
0 7 33
0 48 51
0 59 91
0 39 47
1 54 669850
1 79 185705
1 31 878353
0 71 93
0 46 76
0 2 4
0 13 85
0 21 81
1 77 316995
0 77 91
1 24 -2471
0 3 7
0 40 70
0 18 29
1 13 -883541
1 35 613452
0 13 89
0 17 80
0 34 56
1 65 741508
1 93 -789605
0 55 79
1 7 744621
1 38 97567
1 44 -437238
1 97 456099
1 26 -736075
0 48 59
0 22 47
1 93 342265
1 23 27130
0 47 88
0 53 56
0 16 34
0 21 91
1 79 300881
1 26 533738
0 71 85
0 4 47
0 61 82
1 59 137363
1 63 393475
1 85 -684011
0 2 77
0 4 50
0 6 24
1 50 231055
0 36 94
1 33 -516220
0 5 98
0 6 21
0 64 77
0 13 26
0 17 55
1 10 -92562
1 33 -885189
0 68 86
1 85 -837580
1 98 269997
1 58 186254
0 22 96
0 23 25
0 26 78
1 37 455122
0 5 59
0 35 66
1 22 791558
0 65 94
0 27 35
1 28 -560045
0 10 70
1 66 638294
0 48 59
1 28 211645
1 86 824457
1 59 -390240
1 14 85238
1 39 986388
0 2 40
1 25 -661976
0 18 85
1 4 -33539
0 8 95
1 95 147801
1 40 -193700
0 65 81
1 28 -995544
1 4 312112
0 59 94
0 33 41
1 80 -990295
0 27 39
0 81 84
0 19 55
0 42 98
0 38 41
1 86 -325174
0 50 94
0 60 76
0 14 20
0 31 46
1 32 -841364
1 14 -438581
1 43 988830
0 10 51
0 0 57
1 10 938413
0 51 89
0 29 47
0 41 75
1 38 -145054
1 72 -817194
0 74 83
1 35 -49958
0 18 41
0 22 90
0 15 33
0 20 26
0 6 33
1 95 618518
0 17 90
0 46 69
0 27 92
0 81 81
1 78 -985595
0 28 94
1 51 415021
0 48 91
0 7 81
0 38 63
1 42 -718558
1 7 -989623
1 40 510666
0 10 41
1 52 648426
1 26 -1007
1 14 941587
1 21 -866512
0 19 19
0 58 94
1 29 359660
1 91 856868
1 25 -789117
0 14 89
1 35 913388
0 32 67
1 37 -133457
1 26 -34333
1 79 588244
1 48 655568
1 27 -305642
0 75 90
0 20 27
0 4 87
0 14 39
1 60 567308
0 44 75
0 63 79
0 31 95
1 19 725760
0 3 73
0 8 54
1 52 -562242
0 6 30
0 13 24
1 50 -462569
1 90 -756523
0 46 69
