100 1
294748 344646 525101 811121 517228 67324 829218 554399 103641 509568 946684 723105 473922 451308 918881 548845 365276 884365 659718 122532 507401 112431 279794 546464 791284 369183 858119 744346 463851 359661 442091 585925 379040 632038 557604 482589 836665 185705 9705 109257 40621 221778 255959 410291 707602 442732 133061 544053 856776 806634 218269 923825 313364 143224 606860 10285 955565 537248 386883 12391 237068 885708 592456 152593 16542 535203 916715 652730 224464 405561 965819 97080 399579 506119 335307 328410 625416 250771 289957 533525 898678 478072 328166 674581 460341 582751 412763 922299 120976 664723 148687 247383 111576 102024 689504 826441 490738 453749 653432 418500 
500
1 9 661183
0 51 86
1 39 451399
1 37 626819
1 6 487166
0 23 81
1 27 126438
0 12 74
0 16 27
1 23 -362773
0 65 69
1 63 -887936
0 31 94
0 16 36
0 23 95
0 61 74
1 26 424298
0 2 70
1 62 -747245
1 37 47883
1 58 -9674
0 54 66
0 56 75
0 0 54
1 27 588061
1 71 -407086
1 40 -796441
0 9 66
0 66 68
1 87 513168
1 26 -777092
0 72 96
0 21 79
1 34 -34760
1 36 895992
0 56 62
0 45 92
1 4 311502
1 9 301492
0 23 72
1 74 786614
1 88 737723
1 71 462141
0 15 74
0 60 70
1 87 -872554
0 48 59
0 57 75
0 35 57
1 8 -808709
1 4 -206640
0 41 42
0 22 44
0 63 88
1 44 -176610
0 73 95
0 59 71
1 88 364970
0 10 52
1 56 -969786
1 45 941709
1 69 -508346
0 26 46
1 4 -227637
0 73 98
0 0 67
1 69 501754
0 60 67
1 96 -857783
1 85 256996
1 56 -695608
1 56 -474105
0 61 82
1 85 -102938
1 65 417523
0 73 80
1 82 -371745
0 20 28
1 83 -500473
0 42 85
0 74 91
0 37 55
1 93 472518
1 38 100375
1 62 -344645
0 62 68
0 26 66
0 6 13
0 17 64
1 26 635181
1 90 -795464
0 49 69
1 10 -256019
0 9 95
0 9 51
0 78 81
1 55 -896542
0 42 98
1 71 801507
1 90 -34028
0 72 75
0 27 73
0 3 81
1 43 -551438
0 26 61
1 32 -490585
0 55 74
0 68 95
0 26 87
1 60 -305276
1 82 629993
0 8 62
1 68 -1434
0 23 56
1 28 979125
1 39 -356547
0 65 92
1 27 527329
1 94 834040
1 4 -472884
0 25 78
0 34 90
1 24 -355693
0 24 95
1 80 -793206
1 22 -248084
0 77 88
0 5 74
1 55 95858
0 6 10
1 2 -359721
0 14 52
0 59 73
1 91 320902
1 57 -856440
0 1 76
1 57 -389507
0 13 51
0 37 54
1 67 446516
1 60 -753288
1 72 -887264
0 13 49
1 45 569261
1 76 225196
1 28 996093
1 33 -685415
0 95 96
1 11 -863032
0 39 42
1 79 193395
1 55 814691
0 17 22
0 21 31
1 77 712271
0 43 93
0 29 78
1 21 337382
0 17 86
0 83 90
1 15 -107943
1 80 964110
1 50 -824030
0 57 85
1 59 161046
0 38 78
1 11 935911
0 34 41
0 0 31
0 48 77
0 39 88
1 44 413129
1 57 212439
0 37 76
1 55 624195
1 93 540330
0 50 62
1 81 458357
1 61 -206946
1 97 65767
0 59 67
1 94 124485
0 20 50
1 16 -701956
1 68 113620
1 98 999877
1 50 50386
0 82 88
1 25 -989318
1 80 -800347
0 37 84
1 6 -346903
0 7 36
0 22 56
1 35 -121189
0 39 81
0 59 92
1 86 169530
0 23 31
1 64 315652
1 49 22980
0 41 46
1 87 -955687
0 9 38
0 82 92
1 48 -210608
1 51 -774773
1 41 505661
1 22 -939634
0 11 35
0 2 93
1 77 553331
1 74 228247
0 5 54
1 13 -427167
1 32 -304605
1 90 889278
1 85 140415
1 68 -386700
1 42 880611
1 48 -668752
1 4 -353068
1 21 -969115
0 29 53
1 54 -301309
0 11 28
1 0 531357
0 79 90
0 37 44
1 86 830256
1 63 -500289
1 63 427655
1 56 -709768
0 77 84
1 93 612842
0 2 11
1 43 -594347
1 19 -335734
1 64 908017
0 17 62
0 7 39
1 75 663319
1 40 -3021
1 8 -431745
0 22 61
0 33 96
1 52 -888607
1 41 -712393
0 15 29
0 5 26
1 84 -331888
1 91 471907
0 62 78
0 10 51
1 43 -958800
1 96 -159337
0 33 81
0 58 89
1 18 228919
0 27 55
1 62 677175
1 63 142674
1 32 -897640
1 20 585802
1 24 761650
0 55 75
0 45 72
0 42 64
0 2 91
0 53 74
0 0 90
1 26 542039
0 20 24
1 2 -712210
1 37 -87069
1 2 -178930
0 35 73
0 15 35
0 31 37
1 69 -82125
0 20 98
0 35 44
0 81 88
1 42 410260
0 17 47
0 32 41
0 29 44
0 1 54
1 76 253822
1 66 954283
0 68 91
1 73 810907
1 39 -237464
1 19 -444441
0 32 38
0 6 45
0 7 77
0 64 81
0 21 84
1 32 -844111
0 22 50
0 49 57
1 42 -569322
1 90 80843
1 19 262611
0 30 79
1 52 352641
1 13 -415387
0 0 39
0 17 61
0 75 89
1 36 -8087
1 40 594531
0 24 53
0 43 69
1 46 -890743
1 91 -93295
1 21 -482894
1 98 -173375
0 18 83
0 1 65
0 16 98
1 51 702444
0 54 85
1 40 188512
1 67 -419843
1 61 -129490
1 86 100985
0 16 33
1 90 -297219
0 1 64
0 54 89
1 22 571031
1 25 -555467
0 53 74
1 3 549485
1 13 -997436
1 66 -245826
0 9 76
1 35 694387
1 77 -588732
1 77 287759
1 49 -203283
1 49 478072
0 59 87
0 79 93
0 56 86
1 94 545091
1 51 -918576
1 42 635303
0 57 57
0 71 92
0 36 63
0 19 76
0 11 54
0 24 34
0 45 89
1 43 -209814
1 61 -257972
0 15 19
0 13 41
0 76 80
0 11 53
1 19 37079
1 82 739432
1 52 -487289
0 7 72
1 4 -912045
0 21 66
1 84 -147129
1 34 621692
0 5 76
0 15 85
1 86 -49836
0 5 11
0 10 94
1 18 688955
0 13 78
1 98 -914242
0 21 62
1 68 -165318
1 77 -183507
0 50 65
0 59 89
0 56 80
1 55 -638233
0 64 84
1 19 305948
1 34 271401
1 93 821893
0 73 79
0 36 79
0 12 31
0 31 67
1 68 -1068
0 6 80
1 97 395306
0 27 66
1 20 -268837
0 19 23
0 52 93
1 21 137302
0 7 74
1 96 106906
0 7 53
1 49 400860
1 33 -210364
0 7 18
0 8 65
1 64 235206
1 1 543992
1 97 -656483
0 86 95
1 24 743766
0 19 82
0 37 42
1 39 -468672
0 21 57
0 59 79
1 53 -122226
1 90 -936033
1 80 374004
0 3 12
0 5 85
0 71 83
0 30 45
1 19 310831
0 33 49
0 10 64
0 8 54
1 91 -10528
0 37 81
0 62 64
1 31 892147
0 28 74
0 28 44
0 26 54
0 43 87
0 38 86
0 21 75
1 72 493209
1 43 804010
1 16 659108
0 40 72
1 57 973387
0 57 93
0 35 42
1 59 -155064
0 10 59
0 4 11
0 3 19
1 26 524643
1 2 -531296
1 84 -792352
1 70 -894833
0 88 91
0 48 73
1 13 398236
1 42 -532151
1 9 74861
1 82 691030
0 54 62
0 61 96
1 89 962034
1 2 177098
1 33 464522
1 41 -978759
1 54 -7782
1 32 -451765
1 37 -350871
1 98 802240
0 25 29
1 12 780510
0 54 87
0 43 93
1 1 -135654
1 30 338297
0 15 43
0 91 98
1 15 165379
1 39 714774
0 26 26
1 33 995056
1 62 113132
1 56 -415387
1 98 -853328
1 19 -34943
0 63 65
1 80 758110
1 85 931272
1 2 -919125
1 84 361857
1 55 122837
0 63 96
0 81 95
0 49 70
1 81 762138
0 11 13
0 10 96
0 52 73
