100
19 52 42 55 95 8 97 6 18 96 3 46 21 55 88 14 27 65 8 94 93 52 39 40 52 12 94 89 39 38 6 24 92 88 40 89 12 40 8 86 41 66 15 61 91 11 32 33 59 77 24 46 51 97 17 6 58 16 40 84 28 51 28 56 46 60 17 51 72 74 16 67 75 38 93 56 81 4 61 9 82 30 86 58 34 31 19 30 93 13 72 36 96 65 34 88 48 31 49 79 
500
87 91
37 62
56 68
56 75
32 53
51 51
25 42
31 67
8 92
8 38
58 88
54 84
10 46
10 59
22 89
23 47
7 31
14 69
1 92
56 63
11 60
25 38
49 84
42 96
3 51
37 92
21 75
22 97
49 100
69 85
35 82
54 100
19 39
1 89
28 68
29 94
49 84
8 22
11 18
14 15
10 17
36 52
1 50
20 57
4 99
9 25
10 45
3 90
86 96
44 94
24 88
4 15
1 49
19 59
81 97
82 99
90 99
10 58
23 73
39 93
39 80
58 91
59 92
16 89
12 57
3 35
56 73
29 47
63 87
34 76
43 70
17 45
82 99
23 52
22 100
58 77
90 93
13 76
1 11
4 70
62 89
2 90
24 56
3 86
83 86
27 89
18 58
33 33
55 70
22 90
30 77
69 93
26 56
35 50
13 42
46 61
19 54
24 40
80 97
30 88
38 50
50 67
94 96
17 98
6 87
83 89
35 56
2 15
17 72
64 87
14 56
54 86
9 13
33 46
14 57
22 59
47 83
45 82
23 97
30 62
36 51
67 74
45 60
40 93
25 54
11 55
46 50
14 87
23 75
19 69
6 88
59 92
3 26
15 78
15 25
35 75
60 73
34 71
88 98
19 78
71 74
64 69
86 93
3 81
14 28
3 100
26 28
25 44
24 73
62 82
4 33
6 94
26 32
43 93
23 87
1 65
61 88
14 75
71 71
34 36
12 61
68 97
51 86
41 95
25 96
20 26
77 95
3 59
67 72
79 94
52 85
19 65
20 53
1 88
27 61
11 58
16 71
28 77
44 59
10 65
83 87
66 88
75 78
26 28
29 30
21 24
3 63
24 97
38 62
26 96
61 65
3 17
27 31
12 72
12 48
21 54
25 91
64 89
41 52
30 63
1 14
59 79
8 66
1 78
40 59
4 61
25 58
9 78
14 88
2 51
29 61
85 94
6 41
5 12
36 57
51 73
24 86
17 57
27 58
27 58
38 72
62 70
23 97
13 18
18 97
42 86
24 30
30 66
33 60
56 97
54 63
35 85
55 73
58 70
33 64
8 84
12 36
49 68
39 76
24 43
12 55
42 76
26 60
22 71
27 35
6 84
51 99
2 80
35 94
35 38
57 94
6 77
49 63
1 82
14 42
56 56
43 63
12 78
25 79
44 53
74 97
14 41
73 76
11 19
18 33
13 96
32 70
41 89
86 91
90 98
46 91
15 54
41 52
45 59
36 60
6 93
65 82
4 30
9 76
93 98
50 57
28 62
42 68
30 41
14 75
2 78
16 84
14 93
2 25
60 93
29 71
28 85
76 87
71 99
48 88
4 5
22 64
7 64
11 72
41 90
43 65
14 20
5 92
19 33
6 51
40 76
4 23
48 99
49 85
65 72
14 76
13 46
47 79
63 70
20 86
45 90
41 66
9 46
19 71
2 24
33 73
53 88
64 71
2 4
24 28
1 70
16 66
29 44
48 89
38 44
10 64
50 82
43 89
9 61
22 59
55 89
47 91
44 50
21 31
49 68
37 84
27 36
39 86
30 54
25 49
24 60
58 67
45 56
19 27
12 26
2 56
50 97
16 85
43 65
14 76
43 97
49 73
7 27
30 74
5 6
13 27
76 94
37 66
37 42
15 95
53 57
37 39
56 83
16 32
31 42
12 26
38 87
51 91
35 63
54 94
17 53
9 63
34 55
4 35
4 57
25 49
14 18
10 29
1 81
19 59
51 56
62 65
4 77
10 44
3 62
49 90
54 83
21 75
3 24
32 70
60 79
9 20
4 72
46 82
5 93
14 86
90 99
23 39
11 38
35 62
9 62
60 94
16 70
38 70
1 59
65 72
16 18
16 56
31 40
13 89
55 83
11 86
75 85
16 81
42 52
16 80
11 99
74 89
33 78
57 90
9 14
42 91
24 64
29 85
1 79
72 86
72 75
34 68
54 96
26 69
30 77
51 99
10 94
81 87
17 50
29 68
65 80
6 22
17 27
17 27
67 88
65 82
41 87
22 63
22 65
10 16
3 74
25 42
46 63
24 32
7 69
3 19
8 8
13 82
31 37
10 15
57 85
91 94
53 97
46 55
9 49
13 92
15 32
40 59
5 23
53 96
70 80
24 39
19 67
60 99
87 97
34 63
23 59
47 93
26 38
48 59
3 8
31 99
1 93
79 100
49 53
41 83
16 76
63 68
37 98
19 98
29 52
17 31
26 50
30 59
21 41
48 61
56 63
76 93
55 62
