100
14 12 34 88 96 99 35 57 66 76 87 98 84 62 79 63 10 21 52 72 86 24 4 45 66 49 74 82 39 96 95 48 69 32 43 64 25 34 67 32 65 82 54 20 85 21 70 27 11 72 66 44 97 11 87 46 55 84 44 11 54 93 27 28 9 3 86 75 29 10 87 20 4 39 41 33 28 92 25 88 32 4 11 99 24 55 94 85 88 96 48 36 87 9 92 32 79 61 26 17 
500
24 99
57 74
39 54
16 20
28 50
61 66
18 58
34 75
29 36
21 66
46 71
31 85
3 22
27 40
23 57
64 93
36 74
21 27
27 36
16 41
37 42
37 88
10 89
53 92
27 89
44 62
7 97
32 45
12 76
63 81
46 78
82 92
42 62
17 69
9 17
43 50
38 91
3 49
44 59
56 56
14 77
67 80
30 95
23 31
68 72
36 47
81 94
20 97
33 80
45 87
2 57
1 56
18 22
51 57
37 57
8 56
65 85
86 86
27 31
2 83
57 91
72 86
66 78
7 58
27 28
9 19
58 93
20 97
6 20
60 90
6 77
40 66
6 62
45 59
9 85
31 36
19 63
53 54
63 83
60 94
53 96
81 95
27 66
34 66
5 9
41 51
36 52
44 59
35 75
25 93
10 17
72 82
55 63
44 78
3 96
80 96
45 81
40 87
15 65
38 45
11 21
15 87
59 77
33 42
23 43
3 47
14 45
68 87
47 93
22 26
42 92
29 52
33 86
29 70
46 74
2 6
21 95
33 73
65 88
37 61
59 62
23 64
21 76
52 86
51 86
9 80
14 72
25 45
75 95
54 98
44 77
65 98
32 81
5 82
6 76
38 67
75 91
83 93
62 90
51 69
13 92
50 56
39 50
13 93
5 22
27 89
48 53
43 60
27 38
2 81
7 55
25 61
2 7
26 94
65 83
34 47
14 32
51 64
43 52
13 92
7 34
11 58
27 54
15 17
46 85
3 84
70 73
12 74
23 26
22 57
34 75
21 35
22 44
15 74
60 93
9 34
21 53
69 79
23 69
46 66
77 94
71 79
6 76
51 54
43 57
5 59
74 91
5 31
17 63
3 54
13 14
65 79
33 55
4 42
10 59
7 56
75 78
89 90
9 31
30 70
2 82
8 42
75 84
17 48
28 83
6 96
3 72
43 56
75 83
16 94
53 98
10 49
11 40
67 72
39 48
6 82
5 20
68 91
16 17
58 88
27 55
20 47
33 40
56 93
69 94
10 39
20 71
35 96
58 85
19 29
95 97
11 26
76 77
23 55
51 88
9 34
36 92
64 87
2 95
25 67
1 87
25 96
68 72
26 40
58 60
26 55
7 38
12 61
22 86
2 45
45 87
3 63
24 67
17 87
6 27
6 75
28 94
66 80
5 52
10 98
20 46
27 41
59 64
4 76
63 69
18 42
22 57
29 61
4 10
65 73
31 36
1 29
5 57
15 84
36 76
57 99
89 97
30 73
47 79
41 56
82 93
18 52
10 39
53 88
8 38
25 93
17 83
7 94
54 57
38 68
15 61
77 92
12 72
46 78
57 94
6 12
26 70
33 54
38 76
32 73
14 35
71 97
33 98
36 85
26 55
20 40
50 78
69 89
28 43
15 22
32 73
29 67
67 89
20 53
4 58
33 88
36 50
10 58
3 68
1 69
37 50
42 56
71 83
93 95
29 34
93 99
19 78
14 24
43 81
53 97
1 77
91 95
43 84
57 93
65 70
18 64
1 48
7 14
67 80
18 72
16 69
46 66
51 98
30 75
79 97
35 62
59 99
25 31
61 89
49 59
13 30
70 79
4 94
16 70
18 84
66 74
20 48
25 32
17 65
8 14
96 98
60 83
7 96
16 20
59 79
10 77
50 72
41 79
29 39
29 73
5 23
82 96
48 98
18 40
36 93
74 87
25 40
41 43
34 84
19 73
37 44
44 49
19 90
16 85
7 92
56 81
61 66
44 54
80 82
26 70
6 22
75 83
83 97
76 83
10 11
55 92
13 59
30 53
19 23
50 99
58 80
26 94
9 15
47 99
2 65
51 57
51 67
19 83
6 39
5 72
63 66
25 55
23 90
1 76
27 38
11 74
3 38
44 81
58 78
65 69
55 56
19 69
12 40
48 88
10 52
38 55
23 46
2 22
51 64
62 83
36 98
89 91
75 87
94 96
32 65
51 68
1 59
17 72
1 84
75 87
64 80
3 19
3 67
26 43
28 63
38 80
36 73
68 97
15 60
55 55
5 33
46 76
34 46
37 78
21 57
2 37
23 91
14 19
25 49
11 51
29 31
6 72
3 50
54 71
67 77
57 76
45 59
42 77
67 76
49 83
13 88
10 69
41 53
61 94
5 22
44 62
68 80
32 36
59 76
37 64
7 46
70 94
47 94
50 87
35 94
23 34
28 98
68 85
23 90
25 48
23 52
78 83
41 53
6 79
43 92
6 86
88 95
1 64
31 73
9 62
