200
7 23 90 76 64 72 61 28 55 60 28 97 78 2 57 84 63 68 6 77 49 89 82 71 8 21 65 87 82 72 68 87 28 1 72 21 52 64 41 26 14 26 8 97 87 16 68 52 76 31 61 11 36 97 82 14 22 62 98 6 24 32 6 90 92 39 24 2 5 58 44 82 11 29 29 40 82 33 89 34 6 69 30 88 43 72 92 93 23 30 84 61 53 30 30 18 31 10 10 95 58 13 60 5 5 63 73 51 64 27 67 70 7 83 87 57 9 81 86 60 44 2 70 97 18 1 21 1 28 39 18 17 49 1 51 80 4 86 46 88 27 87 18 83 86 32 30 99 63 1 13 45 65 12 19 90 59 81 35 53 11 17 57 14 6 3 49 84 60 15 75 46 65 9 32 81 97 33 78 29 38 13 91 63 13 58 20 52 22 23 93 75 55 91 57 69 60 7 62 73 
150
155 157
39 104
126 166
25 130
137 194
114 168
50 56
23 199
99 100
60 136
18 77
87 115
124 127
74 95
6 29
34 96
16 90
16 47
23 121
67 160
118 189
33 144
60 108
110 196
48 171
68 135
75 191
106 115
112 155
120 167
33 185
155 180
48 179
49 77
119 138
13 159
38 104
45 168
60 148
77 135
92 114
43 177
141 176
118 166
170 181
133 166
30 157
48 184
15 116
49 78
3 11
1 92
5 93
44 44
77 109
4 100
80 152
20 81
4 48
167 182
42 80
129 155
51 136
67 103
71 104
28 147
48 187
65 137
85 192
144 183
38 194
135 183
41 104
37 100
132 178
2 81
108 126
42 184
12 163
35 108
58 171
126 157
75 180
135 150
126 169
143 170
50 141
66 107
130 170
68 198
112 139
153 171
109 145
95 130
89 188
141 175
6 129
39 73
85 163
1 37
106 166
116 144
29 118
18 69
101 196
14 183
152 178
28 61
11 181
34 183
10 124
100 135
89 157
34 52
99 194
25 171
8 27
76 83
71 87
96 160
27 145
120 162
17 106
76 158
109 187
2 113
137 153
9 142
32 123
4 144
26 89
50 155
135 183
10 167
82 109
107 150
93 112
18 34
58 108
14 181
14 176
8 63
61 75
30 124
36 126
103 110
15 196
59 158
60 113
45 76
